42029 401.303911 2021-10-31T21:08:20_401.304				FLOCK 3P 50
42850 401.300155 20211103 20211104					FLOCK 2K 03
42870 401.303729 2021-10-31T19:26:51_401.304				FLOCK 2K 32
42895 401.300034 20211103						FLOCK 2K 10
42996 401.334329 2021-11-03T13:23:31_401.334				FLOCK 3M 3
42997 401.304215 2021-10-31T23:16:24_401.304				FLOCK 3M 4
42998 401.333953 2021-11-03T13:38:59_401.334				FLOCK 3M 2
43663 401.792866 2021-11-04T18:04:33_401.793				OBJECT B
43902 401.303840 2021-10-31T23:00:20_401.304				FLOCK 3K 7
43724 401.300278 2021-11-03T11:53:40_401.304				FLOCK 3R 12
43734 401.303900 2021-11-03T12:26:03_401.304				FLOCK 3R 3
43837 401.606607 2021-11-03T11:14:02_401.607 20211104	ok	OBJECT G
43904 401.3007   20211030 	20211031			ok	FLOCK 3K 11
44488 401.650175 2021-11-01T12:37:26_401.650 20211104	ok	OBJECT C
44889 401.749784 2021-11-03T11:38:15_401.750 20211104 15 khz	ok	OBJECT L
46290 401.300099 2021-11-03T12:06:02_401.304				FLOCK 4V 5
46907 401.090348 2021-11-04T11:13:41_401.090			x	KSM1-D LUXE SRI
46913 401.050077 2021-11-04T10:24:34_401.050			x	R2 LTU SRI
46914 401.120527 2021-11-04T11:13:26_401.121			x	KSM1-B LUXE SRI
47479 401.303876 2021-10-31T20:25:31_401.304				FLOCK 4S 32
48924 401.150454 2021-11-04T13:36:28_401.150			db	FARADAY_PHOENIX
48941 400.480847
48941 400.520850 2021-11-04T14:08:09_400.521	38k			SHERPA-LTE1
48951 400.521685 2021-11-04T14:09:07_400.522 	38k 20211104		DEMO8(TENZING)
48951 400.481689
42000 400.300607 20211030 20211101				okdb?	DIDO 2
42890 401.3000   20211030 20211104				ok	FLOCK 2K 15
43664 401.694041 20211031 20211101				ok	OBJECT C
43665 401.606671 20211031 20211101				ok	OBJECT D
43834 400.161537 20211031 20211101				ok	OBJECT D
43836 401.694089 2021-10-31T21:06:54_401.694	20211101	ok	OBJECT F
43942 401.800323 2021-10-31T23:38:38_401.800	20211101	ok	LINGQUE 1A
44841 401.612470 20211030 20211103				ok	OBJECT D
45940 401.349897 20211030 20211101				ok	OBJECT B
46837 401.850112 2021-10-31T20:40:26_401.850	20211101	ok	OBJECT L
46943 401.735032 20211030 20211101				ok	BRO-3
47297 401.662483 2021-10-31T13:04:29 20khz wide. 20211031	ok	HAISI
48249 401.679681 20210901 20211101 				ok	OBJECT B
48255 401.350069 20210831 20211101 				ok	OBJECT H
48256 401.649876 20210831 20211103 				ok	OBJECT J
48270 401.050207 20211030 20211101				ok	AII-BRAVO
48898 400.179857 20211024 20211101				ok	CENTAURI-4 TYVAK-0211
48956 400.501761 20211030 20211101				ok	DEMO9(AURORA)
48966 401.500252 2021-10-31T13:38:17		20211101	okdb?	NEPT-1
99515	437.365 	# NanoDragon	=== to be launched ===
99516	435.525 	# Kosen-1
99518	437.450 	# TeikyoSat-4
07530  435.1000	=== Satnogs db ===
20442  437.1500
20442  437.1250
22825  436.7950
22825  436.7950
24278  435.7950
24278  435.8000
24278  435.9100
25397  435.2250
25397  435.2250
25397  435.2250
25397  435.2250
25397  435.2250
25397  435.2250
25397  435.3250
25544  437.5500
25544  400.5000
25544  437.8000
25544  437.8000
25544  468.1000
25544  632.0000
25544  630.1280
26063  437.1000
27607  436.7950
27844  437.4700
27844  436.8375
27844  436.8358
27848  436.8475
27848  437.4900
27848  436.8487
27939  435.3520
27939  435.3528
27939  435.3530
28654  465.9875
28895  437.4631
28895  437.3450
29499  465.9875
30776  435.1030
31130  435.2450
31130  435.2450
31130  435.2470
31130  435.2470
32785  437.2750
32785  437.4750
32785  437.2746
32785  437.4750
32787  437.2750
32787  437.2750
32787  437.2750
32787  437.2750
32788  437.4250
32791  437.4850
32791  437.4850
32791  437.4850
32791  437.4857
32791  437.4850
32953  435.2150
32953  435.3150
32953  435.3157
33493  437.4250
33493  437.4250
33493  437.2500
33498  437.2730
33499  437.3850
33499  437.4450
33591  465.9875
35932  437.5050
35932  437.5050
35932  437.5007
35932  437.5000
35933  435.9500
35935  437.3250
35935  437.3250
35935  437.3225
36122  435.7910
36122  435.6750
36799  437.3050
37224  437.3050
37839  437.2750
37839  437.5050
37841  437.4250
37855  437.4850
37855  437.5050
37855  437.5010
38340  437.3720
38760  437.6000
38761  437.3490
38763  437.4050
38771  465.9875
38771  465.9875
39086  465.9875
39087  437.4250
39090  437.5680
39134  437.4850
39134  437.4995
39135  435.9500
39136  435.9485
39153  437.4450
39161  437.2500
39161  437.5050
39265  400.0320
39384  436.7950
39395  437.2900
39398  437.3450
39402  437.3850
39405  437.4050
39417  437.3560
39417  437.3560
39430  437.2500
39436  437.5070
39440  437.4450
39445  437.3050
39446  437.3840
39446  437.3850
39446  436.3950
39463  437.3970
39464  437.2300
39469  437.4800
39471  437.2700
39492  435.2650
39492  435.2650
39770  437.5250
39770  437.5256
39770  437.5264
39770  437.6000
40012  437.4215
40014  437.4450
40042  437.6760
40042  437.6750
40043  435.0000
40054  437.2500
40054  437.5130
40056  437.3650
40071  438.2250
40071  438.2260
40377  437.4050
40378  437.2300
40378  437.2200
40379  437.4850
40380  437.2700
40380  437.2696
40654  435.3500
40654  435.3470
40655  437.9750
40655  435.3500
40900  437.3000
40900  437.3008
40908  437.2000
40908  437.2000
40908  437.2250
40908  437.2000
40912  437.9500
40926  435.6450
40926  435.6450
40927  435.6450
40927  437.6450
40928  435.6450
40928  435.6450
40931  437.3250
40931  435.8800
40949  437.2500
40958  437.6500
40958  437.6500
40968  437.3755
41168  437.4850
41168  437.4850
41168  437.4850
41170  436.4000
41338  437.0940
41338  437.1000
41339  437.4230
41339  437.4250
41340  437.3750
41340  437.3750
41340  437.3730
41459  437.4850
41459  437.4850
41460  437.4250
41460  437.4240
41460  437.4240
41465  435.3150
41465  435.3650
41474  437.3450
41475  437.4850
41477  437.1000
41478  437.1000
41557  436.4450
41558  437.4450
41603  437.4250
41604  437.5250
41607  437.0250
41607  437.0250
41619  435.9500
41783  437.4550
41789  437.6500
41845  435.7100
41845  435.6150
41845  435.7095
41895  437.2450
41895  437.4050
41895  437.2540
41895  437.4250
41915  437.6000
41915  435.5520
41930  437.5250
41930  437.5250
41931  437.2000
41931  437.2900
41932  437.5250
41934  437.2000
41935  437.3750
41935  437.3710
41948  402.7610
42018  401.3000
42700  437.4050
42701  436.8450
42701  436.8435
42702  437.0550
42706  436.9150
42707  437.0200
42707  437.0180
42708  435.8000
42714  436.0300
42716  435.7650
42716  435.7690
42716  435.7850
42717  436.8800
42717  436.8765
42721  437.5100
42722  436.5700
42722  436.5715
42724  436.4200
42725  436.5100
42725  436.5100
42726  435.9000
42727  435.9500
42728  436.8100
42729  437.3350
42730  436.7750
42731  436.3300
42732  436.6000
42733  436.0900
42734  436.7050
42735  436.1500
42736  437.3700
42736  437.3730
42737  436.3900
42737  436.3882
42765  435.9750
42766  436.0000
42768  437.2650
42775  437.2200
42776  435.9500
42784  436.6700
42787  436.2700
42788  437.2300
42788  437.2300
42789  437.1000
42789  437.1000
42790  437.2400
42790  437.2400
42792  437.3250
42792  437.3250
42794  437.5050
42794  437.5050
42794  437.5090
42822  437.3720
42822  437.3750
42822  437.3750
42823  437.3720
42823  437.3750
42823  437.3750
42829  435.9500
42829  435.9500
43012  437.5090
43012  437.5490
43012  437.5290
43012  437.0800
43012  436.3600
43018  437.6450
43019  437.0950
43116  435.0800
43119  401.3000
43130  401.5000
43130  401.5100
43130  401.9890
43132  435.5250
43132  435.5250
43132  435.5250
43133  437.1000
43138  437.4850
43138  437.5030
43138  437.4875
43155  435.3500
43156  437.3500
43156  436.9500
43156  437.6440
43158  436.1000
43186  435.9500
43187  435.9500
43188  435.9500
43189  435.9500
43192  435.3500
43192  435.3500
43196  400.8000
43199  436.3750
43466  437.3015
43466  437.3000
43466  437.3000
43467  437.2250
43467  437.3250
43467  435.2000
43468  436.5000
43485  437.2500
43551  437.0500
43551  437.0500
43552  435.5500
43553  437.4250
43589  437.3750
43590  437.3750
43591  437.3750
43595  435.5700
43596  435.6700
43597  437.0500
43597  437.0500
43597  437.0500
43598  437.0500
43598  437.0500
43614  437.2750
43615  437.1500
43615  437.1500
43616  437.4750
43616  437.4750
43617  437.4500
43617  437.4500
43640  437.2450
43640  437.2550
43640  437.4050
43640  437.4050
43640  437.4250
43640  437.4250
43656  432.0836
43666  436.9900
43669  435.9250
43677  437.3900
43677  437.5100
43677  437.3900
43679  437.3500
43679  437.4000
43679  437.2000
43681  437.3850
43681  437.5050
43689  465.9875
43693  437.8000
43693  437.8000
43721  437.3500
43722  400.6250
43738  437.4500
43738  435.5000
43738  437.4500
43743  437.7750
43743  437.7750
43758  437.2500
43758  437.2500
43768  436.7300
43768  436.6000
43772  437.1500
43772  437.1500
43772  437.4750
43773  437.4750
43773  437.4750
43773  437.1500
43782  437.6250
43782  437.6250
43784  437.2750
43787  435.5000
43790  435.2000
43790  435.8000
43792  437.0000
43792  437.0000
43793  437.2500
43798  437.1750
43798  437.1470
43804  437.7750
43805  436.5000
43805  436.5000
43809  400.6250
43814  435.2750
43855  437.5600
43855  437.5600
43856  437.1500
43856  437.1500
43857  436.5000
43857  436.5000
43879  435.5250
43879  435.7000
43879  435.7000
43880  435.6000
43881  435.5250
43881  435.7000
43907  437.3450
43908  437.0600
43908  437.0600
43933  437.4990
43933  437.4990
43937  435.9000
43937  435.9000
43937  435.9000
43937  437.0732
43937  437.0750
43937  435.8800
43940  437.2250
44030  437.5000
44045  435.7750
44045  435.7750
44046  437.2400
44046  437.5050
44083  437.1750
44083  437.1750
44103  436.7300
44109  437.2650
44329  437.3750
44329  437.3750
44330  437.3750
44330  437.3750
44331  437.3750
44331  437.3750
44332  436.2000
44350  400.9000
44352  437.5250
44352  437.5250
44352  437.5250
44354  435.3500
44354  435.3500
44355  437.6000
44356  437.4850
44356  400.0320
44359  437.5350
44359  399.9680
44359  437.4850
44360  437.5050
44360  437.5050
44360  437.5050
44365  437.4750
44369  437.2000
44369  437.4250
44392  436.5000
44394  436.2500
44400  437.0250
44400  437.0250
44404  436.0000
44406  437.5250
44412  435.9500
44412  435.9500
44412  435.9500
44418  437.9700
44419  435.3250
44419  435.9350
44419  435.3250
44419  435.7000
44420  437.0250
44420  437.0250
44426  435.5000
44426  435.5000
44427  435.5000
44429  436.9500
44443  435.7150
44443  435.6900
44530  435.8400
44530  436.7600
44829  436.7000
44829  436.7000
44830  437.1750
44832  437.1500
44854  436.4000
44854  436.4000
44878  437.2000
44885  436.1000
44909  435.6050
44909  435.3150
44909  435.2150
44909  435.6100
44909  435.6400
45113  435.0400
45115  436.3500
45115  435.6000
45119  435.8000
45119  435.8100
45119  435.8100
45258  437.3500
45261  437.3000
45262  437.4250
45263  437.3500
45529  401.5000
45529  401.5000
45598  437.2000
45727  449.5380
45857  436.2000
46274  437.5150
46276  437.4050
46276  437.4050
46280  435.6125
46287  436.1000
46312  435.4500
46312  435.4500
46489  436.6000
46490  435.3500
46491  435.5500
46493  437.0000
46494  436.7000
46494  436.7030
46495  435.9500
46504  435.6000
46505  435.6000
46506  435.6000
46507  435.6000
46839  437.4430
46839  437.6000
46921  437.3500
46921  437.4500
46922  436.6000
46922  436.6000
46923  435.3000
46927  435.7750
47309  437.3250
47309  437.3250
47309  437.3250
47310  401.3650
47311  435.7500
47311  435.7600
47314  437.8000
47319  437.1500
47438  437.0200
47438  437.0200
47439  436.2500
47439  436.2500
47441  436.9500
47441  436.9500
47445  435.6000
47448  400.5750
47458  437.3450
47701  450.0000
47701  450.0000
47721  435.5000
47721  435.5000
47721  435.5000
47924  437.4250
47926  436.4000
47927  437.3750
47927  437.3750
47928  437.4250
47928  437.2450
47928  437.2550
47928  437.4050
47929  437.3750
47929  437.3750
47931  437.3750
47931  437.3750
47941  435.3100
47941  435.3100
47945  437.4250
47951  437.0500
47952  435.6500
47954  437.1300
47956  401.5750
47958  437.2650
47959  437.0250
47959  437.0250
47959  437.0250
47960  437.9500
47960  437.8500
47960  437.8500
47962  435.8000
47963  437.1250
47963  437.1250
47964  437.3450
47964  437.3450
47964  437.3450
47964  437.3450
47964  437.3450
48041  435.6350
48041  435.6350
48041  435.6350
48041  435.6350
48850  436.3000
48851  401.7250
48851  401.7250
48868  436.9250
48900  435.9500
48900  435.9500
49016  436.9075
49016  437.0940
49017  437.4050
99671  401.1240
99672  400.3600
99673  401.5000
99674  401.1500
99675  400.5000
99676  400.5000
99677  437.5150
99679  437.4750
99680  436.5000
99680  436.5000
99682  401.1000
99683  401.1000
99719  435.8050
99727  435.9500
99727  435.9500
99727  435.9500
99728  435.9500
99728  435.9500
99728  435.9500
99729  435.9500
99729  435.9500
99729  435.9500
99730  435.9500
99730  435.9500
99730  435.9500
99731  437.5000
99732  436.3300
99738  437.2000
99738  437.2000
99742  467.6740
99742  400.9600
99756  437.2750
99759  434.0310
99767  401.7350
99767  401.7350
99768  437.3250
99768  437.3250
99768  437.3250
99769  435.1000
99782  436.6000
99501  435.2400
99500  435.2400
99503  436.8800
99503  436.8800
99502  436.8750
99502  436.8750
99790  437.2500
99803  435.9500
99804  435.9500
99805  435.9500
99806  435.9500
99808  437.2500
99811  436.7500
99812  435.4500
99812  435.4500
99816  437.0500
99816  437.0500
99817  435.7000
99817  435.7000
99818  435.7000
99818  435.7000
99821  437.0750
99821  437.0750
99821  437.0570
99831  437.2900
99832  437.4650
99834  468.0000
99835  468.0000
99897  436.0000
99897  437.5000
99898  436.0000
99898  437.5000
99899  436.0000
99899  437.5000
99901  437.2500
99901  437.2500
99913  435.8350
99913  436.2250
99915  437.4500
99921  435.6350
99921  435.6350
99921  435.6350
99926  437.4250
99926  437.4500
99930  437.4250
99939  437.2650
99939  437.4650
99943  437.3050
99950  449.5380
99951  449.5380
99962  437.3500
99972  437.2000
99981  436.9300
99982  435.7800
99998  437.9700
49044  631.0000
49044  631.1290
49044  630.8730
44876  465.9880
49069  435.1900
49067  401.7500
49066  401.7350
99504  436.7000
99504  436.8000
99504  436.8000
99505  436.7000
99505  436.9000
99505  436.9000
99506  437.1000
99507  437.2250
99508  437.1500
99508  437.1500
49263  437.2500
99511  400.5000
99515  437.3650
99516  435.5250
99518  437.4500
49272  437.2920
49275  437.0750
49273  437.3750
49274  437.3750
44519  401.8000
43441  401.5600
40039  400.1700
25984  400.1000
25991  400.0320
15595  400.0320
24920  401.5680
43197  400.8000
43143  401.2000
42786  401.1500
47966  400.1800
46292  401.3370
43439  401.4800
43443  401.5200
43440  401.4400
99519  437.5000
44499  401.5000
43744  401.0400
40299  467.6740
44705  401.8000
43157  400.7990
43729  400.7990
46319  400.8000
44391  401.2000
43548  400.8000
42783  401.1500
43820  400.7510
46810  400.5000
44852  401.8800
46295  401.2000
46267  401.2000
48892  401.2000
42835  401.8000
46284  400.4500
46279  401.1750
46320  401.1250
46281  400.7750
44853  400.7400
47541  401.1500
47482  401.2050
47942  401.3000
48963  401.1253
48271  401.7600
48606  400.7805
48872  401.1004
48907  400.4979
48962  401.1752
48908  400.4975

39512 401.3	FLOCK 1-3	=== All Flocks of Space Track ===
39513 401.3	FLOCK 1-1	
39514 401.3	FLOCK 1-2	
39515 401.3	FLOCK 1-4	
39518 401.3	FLOCK 1-5	
39519 401.3	FLOCK 1-6	
39520 401.3	FLOCK 1-7	
39521 401.3	FLOCK 1-8	
39525 401.3	FLOCK 1-9	
39526 401.3	FLOCK 1-10	
39527 401.3	FLOCK 1-11	
39528 401.3	FLOCK 1-12	
39529 401.3	FLOCK 1-13	
39530 401.3	FLOCK 1-14	
39531 401.3	FLOCK 1-15	
39532 401.3	FLOCK 1-16	
39555 401.3	FLOCK 1-17	
39556 401.3	FLOCK 1-18	
39557 401.3	FLOCK 1-21	
39558 401.3	FLOCK 1-22	
39559 401.3	FLOCK 1-19	
39560 401.3	FLOCK 1-20	
39561 401.3	FLOCK 1-23	
39562 401.3	FLOCK 1-24	
39563 401.3	FLOCK 1-25	
39564 401.3	FLOCK 1-26	
39565 401.3	FLOCK 1-27	
39566 401.3	FLOCK 1-28	
40023 401.3	FLOCK 1C 10	
40026 401.3	FLOCK 1C 7	
40027 401.3	FLOCK 1C 1	
40029 401.3	FLOCK 1C 2	
40031 401.3	FLOCK 1C 4	
40033 401.3	FLOCK 1C 11	
40035 401.3	FLOCK 1C 9	
40036 401.3	FLOCK 1C 6	
40038 401.3	FLOCK 1C 5	
40040 401.3	FLOCK 1C 8	
40041 401.3	FLOCK 1C 3	
40122 401.3	FLOCK 1B 24	
40123 401.3	FLOCK 1B 23	
40124 401.3	FLOCK 1B 26	
40125 401.3	FLOCK 1B 25	
40126 401.3	FLOCK 1B 15	
40127 401.3	FLOCK 1B 16	
40131 401.3	FLOCK 1B 1	
40132 401.3	FLOCK 1B 2	
40133 401.3	FLOCK 1B 8	
40134 401.3	FLOCK 1B 7	
40139 401.3	FLOCK 1B 18	
40140 401.3	FLOCK 1B 17	
40422 401.3	FLOCK 1B 27	
40423 401.3	FLOCK 1B 28	
40427 401.3	FLOCK 1B 21	
40428 401.3	FLOCK 1B 22	
40429 401.3	FLOCK 1B 10	
40430 401.3	FLOCK 1B 9	
40451 401.3	FLOCK 1D 1	
40452 401.3	FLOCK 1D 2	
40453 401.3	FLOCK 1B 5	
40454 401.3	FLOCK 1B 6	
40459 401.3	FLOCK 1B 11	
40460 401.3	FLOCK 1B 12	
40722 401.3	FLOCK 1E 2	
40723 401.3	FLOCK 1E 1	
40724 401.3	FLOCK 1E 4	
40725 401.3	FLOCK 1E 3	
40726 401.3	FLOCK 1E 7	
40727 401.3	FLOCK 1E 8	
40728 401.3	FLOCK 1E 5	
40729 401.3	FLOCK 1E 6	
40736 401.3	FLOCK 1E 9	
40737 401.3	FLOCK 1E 10	
40738 401.3	FLOCK 1E 11	
40739 401.3	FLOCK 1E 12	
40740 401.3	FLOCK 1E 13	
40741 401.3	FLOCK 1E 14	
40950 401.3	FLOCK 2B 1	
40951 401.3	FLOCK 2B 2	
40952 401.3	FLOCK 2B 3	
40953 401.3	FLOCK 2B 4	
40954 401.3	FLOCK 2B 5	
40955 401.3	FLOCK 2B 6	
40956 401.3	FLOCK 2B 7	
40957 401.3	FLOCK 2B 8	
40962 401.3	FLOCK 2B 10	
40963 401.3	FLOCK 2B 9	
40979 401.3	FLOCK 2B 13	
40980 401.3	FLOCK 2B 14	
41479 401.3	FLOCK 2EP 1	
41480 401.3	FLOCK 2EP 3	
41481 401.3	FLOCK 2EP 2	
41482 401.3	FLOCK 2EP 4	
41483 401.3	FLOCK 2E 1	
41484 401.3	FLOCK 2E 2	
41486 401.3	FLOCK 2E 3	
41487 401.3	FLOCK 2E 4	
41563 401.3	FLOCK 2E 6	
41564 401.3	FLOCK 2E 5	
41565 401.3	FLOCK 2E 7	
41566 401.3	FLOCK 2E 8	
41567 401.3	FLOCK 2EP 5	
41568 401.3	FLOCK 2EP 6	
41569 401.3	FLOCK 2EP 8	
41570 401.3	FLOCK 2EP 7	
41571 401.3	FLOCK 2E 9	
41572 401.3	FLOCK 2E 10	
41573 401.3	FLOCK 2E 12	
41574 401.3	FLOCK 2E 11	
41575 401.3	FLOCK 2EP 9	
41576 401.3	FLOCK 2EP 10	
41577 401.3	FLOCK 2EP 11	
41578 401.3	FLOCK 2EP 12	
41606 401.3	FLOCK 2P 6	
41608 401.3	FLOCK 2P 11	
41609 401.3	FLOCK 2P 2	
41610 401.3	FLOCK 2P 9	
41611 401.3	FLOCK 2P 4	
41612 401.3	FLOCK 2P 10	
41613 401.3	FLOCK 2P 8	
41614 401.3	FLOCK 2P 12	
41615 401.3	FLOCK 2P 7	
41616 401.3	FLOCK 2P 5	
41617 401.3	FLOCK 2P 1	
41618 401.3	FLOCK 2P 3	
41761 401.3	FLOCK 2EP 13	
41762 401.3	FLOCK 2EP 14	
41763 401.3	FLOCK 2EP 16	
41764 401.3	FLOCK 2EP 15	
41769 401.3	FLOCK 2EP 18	
41776 401.3	FLOCK 2EP 17	
41777 401.3	FLOCK 2EP 19	
41782 401.3	FLOCK 2EP 20	
41950 401.3	FLOCK 3P 20	
41951 401.3	FLOCK 3P 8	
41952 401.3	FLOCK 3P 51	
41953 401.3	FLOCK 3P 37	
41955 401.3	FLOCK 3P 19	
41956 401.3	FLOCK 3P 24	
41957 401.3	FLOCK 3P 18	
41958 401.3	FLOCK 3P 22	
41959 401.3	FLOCK 3P 21	
41960 401.3	FLOCK 3P 28	
41961 401.3	FLOCK 3P 26	
41962 401.3	FLOCK 3P 17	
41963 401.3	FLOCK 3P 27	
41964 401.3	FLOCK 3P 25	
41965 401.3	FLOCK 3P 4	
41966 401.3	FLOCK 3P 2	
41967 401.3	FLOCK 3P 1	
41968 401.3	FLOCK 3P 3	
41969 401.3	FLOCK 3P 6	
41970 401.3	FLOCK 3P 7	
41971 401.3	FLOCK 3P 5	
41972 401.3	FLOCK 3P 12	
41973 401.3	FLOCK 3P 9	
41974 401.3	FLOCK 3P 10	
41975 401.3	FLOCK 3P 11	
41976 401.3	FLOCK 3P 60	
41977 401.3	FLOCK 3P 58	
41978 401.3	FLOCK 3P 57	
41979 401.3	FLOCK 3P 75	
41980 401.3	FLOCK 3P 70	
41981 401.3	FLOCK 3P 73	
41982 401.3	FLOCK 3P 88	
41983 401.3	FLOCK 3P 85	
41984 401.3	FLOCK 3P 79	
41985 401.3	FLOCK 3P 86	
41986 401.3	FLOCK 3P 36	
41987 401.3	FLOCK 3P 30	
41988 401.3	FLOCK 3P 34	
41989 401.3	FLOCK 3P 35	
41990 401.3	FLOCK 3P 33	
42001 401.3	FLOCK 3P 49	
42002 401.3	FLOCK 3P 67	
42003 401.3	FLOCK 3P 68	
42004 401.3	FLOCK 3P 41	
42005 401.3	FLOCK 3P 45	
42006 401.3	FLOCK 3P 48	
42007 401.3	FLOCK 3P 43	
42008 401.3	FLOCK 3P 42	
42009 401.3	FLOCK 3P 61	
42010 401.3	FLOCK 3P 40	
42011 401.3	FLOCK 3P 16	
42012 401.3	FLOCK 3P 14	
42013 401.3	FLOCK 3P 53	
42014 401.3	FLOCK 3P 54	
42018 401.3	FLOCK 3P 23	
42019 401.3	FLOCK 3P 76	
42020 401.3	FLOCK 3P 69	
42021 401.3	FLOCK 3P 84	
42022 401.3	FLOCK 3P 59	
42023 401.3	FLOCK 3P 32	
42024 401.3	FLOCK 3P 71	
42025 401.3	FLOCK 3P 77	
42026 401.3	FLOCK 3P 80	
42027 401.3	FLOCK 3P 66	
42028 401.3	FLOCK 3P 65	
42029 401.3	FLOCK 3P 50	
42030 401.3	FLOCK 3P 52	
42031 401.3	FLOCK 3P 46	
42032 401.3	FLOCK 3P 47	
42033 401.3	FLOCK 3P 44	
42034 401.3	FLOCK 3P 64	
42035 401.3	FLOCK 3P 63	
42036 401.3	FLOCK 3P 62	
42037 401.3	FLOCK 3P 38	
42038 401.3	FLOCK 3P 39	
42039 401.3	FLOCK 3P 15	
42040 401.3	FLOCK 3P 13	
42041 401.3	FLOCK 3P 55	
42042 401.3	FLOCK 3P 56	
42043 401.3	FLOCK 3P 81	
42044 401.3	FLOCK 3P 87	
42045 401.3	FLOCK 3P 29	
42046 401.3	FLOCK 3P 82	
42047 401.3	FLOCK 3P 78	
42048 401.3	FLOCK 3P 74	
42049 401.3	FLOCK 3P 31	
42050 401.3	FLOCK 3P 83	
42051 401.3	FLOCK 3P 72	
42850 401.3	FLOCK 2K 03	
42851 401.3	FLOCK 2K 04	
42852 401.3	FLOCK 2K 01	
42853 401.3	FLOCK 2K 02	
42854 401.3	FLOCK 2K 47	
42855 401.3	FLOCK 2K 48	
42856 401.3	FLOCK 2K 45	
42857 401.3	FLOCK 2K 24	
42858 401.3	FLOCK 2K 46	
42859 401.3	FLOCK 2K 23	
42860 401.3	FLOCK 2K 21	
42861 401.3	FLOCK 2K 22	
42862 401.3	FLOCK 2K 07	
42863 401.3	FLOCK 2K 08	
42864 401.3	FLOCK 2K 05	
42865 401.3	FLOCK 2K 40	
42866 401.3	FLOCK 2K 39	
42867 401.3	FLOCK 2K 37	
42868 401.3	FLOCK 2K 38	
42869 401.3	FLOCK 2K 31	
42870 401.3	FLOCK 2K 32	
42871 401.3	FLOCK 2K 29	
42872 401.3	FLOCK 2K 30	
42873 401.3	FLOCK 2K 44	
42874 401.3	FLOCK 2K 43	
42875 401.3	FLOCK 2K 41	
42876 401.3	FLOCK 2K 36	
42877 401.3	FLOCK 2K 35	
42878 401.3	FLOCK 2K 34	
42879 401.3	FLOCK 2K 33	
42880 401.3	FLOCK 2K 28	
42882 401.3	FLOCK 2K 27	
42883 401.3	FLOCK 2K 26	
42884 401.3	FLOCK 2K 25	
42885 401.3	FLOCK 2K 20	
42886 401.3	FLOCK 2K 19	
42887 401.3	FLOCK 2K 18	
42888 401.3	FLOCK 2K 17	
42889 401.3	FLOCK 2K 16	
42890 401.3	FLOCK 2K 15	
42891 401.3	FLOCK 2K 13	
42892 401.3	FLOCK 2K 14	
42893 401.3	FLOCK 2K 12	
42894 401.3	FLOCK 2K 11	
42895 401.3	FLOCK 2K 10	
42896 401.3	FLOCK 2K 09	
42897 401.3	FLOCK 2K 06	
42995 401.3	FLOCK 3M 1	
42996 401.3	FLOCK 3M 3	
42997 401.3	FLOCK 3M 4	
42998 401.3	FLOCK 3M 2	
43119 401.3	FLOCK 3PP 3	
43120 401.3	FLOCK 3PP 2	
43121 401.3	FLOCK 3PP 1	
43122 401.3	FLOCK 3PP 4	
43723 401.3	FLOCK 3R 9	
43724 401.3	FLOCK 3R 12	
43725 401.3	FLOCK 3R 11	
43726 401.3	FLOCK 3R 5	
43727 401.3	FLOCK 3R 8	
43733 401.3	FLOCK 3R 4	
43734 401.3	FLOCK 3R 3	
43735 401.3	FLOCK 3R 16	
43736 401.3	FLOCK 3R 15	
43740 401.3	FLOCK 3R 10	
43741 401.3	FLOCK 3R 6	
43742 401.3	FLOCK 3R 7	
43747 401.3	FLOCK 3R 1	
43748 401.3	FLOCK 3R 2	
43749 401.3	FLOCK 3R 14	
43750 401.3	FLOCK 3R 13	
43769 401.3	FLOCK 3S 1	
43788 401.3	FLOCK 3S 3	
43821 401.3	FLOCK 3S 2	
43892 401.3	FLOCK 3K 3	
43893 401.3	FLOCK 3K 4	
43894 401.3	FLOCK 3K 1	
43895 401.3	FLOCK 3K 2	
43896 401.3	FLOCK 3K 6	
43899 401.3	FLOCK 3K 5	
43901 401.3	FLOCK 3K 8	
43902 401.3	FLOCK 3K 7	
43903 401.3	FLOCK 3K 12	
43904 401.3	FLOCK 3K 11	
43905 401.3	FLOCK 3K 10	
43906 401.3	FLOCK 3K 9	
44079 401.3	FLOCK 4A 1	
44080 401.3	FLOCK 4A 2	
44081 401.3	FLOCK 4A 3	
44082 401.3	FLOCK 4A 4	
44088 401.3	FLOCK 4A 17	
44089 401.3	FLOCK 4A 18	
44090 401.3	FLOCK 4A 19	
44091 401.3	FLOCK 4A 20	
44092 401.3	FLOCK 4A 8	
44093 401.3	FLOCK 4A 7	
44094 401.3	FLOCK 4A 6	
44095 401.3	FLOCK 4A 5	
44096 401.3	FLOCK 4A 11	
44097 401.3	FLOCK 4A 10	
44098 401.3	FLOCK 4A 9	
44099 401.3	FLOCK 4A 16	
44100 401.3	FLOCK 4A 15	
44101 401.3	FLOCK 4A 14	
44102 401.3	FLOCK 4A 13	
44108 401.3	FLOCK 4A 12	
44807 401.3	FLOCK 4P 9	
44808 401.3	FLOCK 4P 10	
44809 401.3	FLOCK 4P 11	
44810 401.3	FLOCK 4P 12	
44811 401.3	FLOCK 4P 4	
44812 401.3	FLOCK 4P 3	
44813 401.3	FLOCK 4P 2	
44814 401.3	FLOCK 4P 1	
44815 401.3	FLOCK 4P 8	
44816 401.3	FLOCK 4P 7	
44817 401.3	FLOCK 4P 6	
44818 401.3	FLOCK 4P 5	
46282 401.3	FLOCK 4V 9	
46283 401.3	FLOCK 4V 12	
46285 401.3	FLOCK 4V 11	
46286 401.3	FLOCK 4V 14	
46288 401.3	FLOCK 4V 8	
46289 401.3	FLOCK 4V 6	
46290 401.3	FLOCK 4V 5	
46291 401.3	FLOCK 4V 7	
46296 401.3	FLOCK 4V 10	
46297 401.3	FLOCK 4V 13	
46313 401.3	FLOCK 4V 1	
46314 401.3	FLOCK 4V 4	
46321 401.3	FLOCK 4V 2	
46322 401.3	FLOCK 4V 3	
46527 401.3	FLOCK 4V 16	
46528 401.3	FLOCK 4V 15	
46529 401.3	FLOCK 4V 17	
46596 401.3	FLOCK 4V 21	
46597 401.3	FLOCK 4V 18	
46609 401.3	FLOCK 4V 19	
46612 401.3	FLOCK 4V 20	
46735 401.3	FLOCK 4V 22	
46737 401.3	FLOCK 4V 23	
46738 401.3	FLOCK 4V 24	
46812 401.3	FLOCK 4V 25	
46813 401.3	FLOCK 4EP 1	
46814 401.3	FLOCK 4EP 7	
46815 401.3	FLOCK 4EP 9	
46816 401.3	FLOCK 4EP 8	
46817 401.3	FLOCK 4EP 5	
46819 401.3	FLOCK 4EP 3	
46820 401.3	FLOCK 4EP 2	
46821 401.3	FLOCK 4EP 4	
46822 401.3	FLOCK 4EP 6	
46825 401.3	FLOCK 4V 26	
47452 401.3	FLOCK 4S 22	
47456 401.3	FLOCK 4S 21	
47462 401.3	FLOCK 4S 11	
47469 401.3	FLOCK 4S 33	
47471 401.3	FLOCK 4S 12	
47472 401.3	FLOCK 4S 13	
47473 401.3	FLOCK 4S 35	
47474 401.3	FLOCK 4S 8	
47475 401.3	FLOCK 4S 31	
47477 401.3	FLOCK 4S 34	
47478 401.3	FLOCK 4S 9	
47479 401.3	FLOCK 4S 32	
47490 401.3	FLOCK 4S 39	
47491 401.3	FLOCK 4S 4	
47492 401.3	FLOCK 4S 17	
47494 401.3	FLOCK 4S 3	
47495 401.3	FLOCK 4S 27	
47496 401.3	FLOCK 4S 18	
47497 401.3	FLOCK 4S 26	
47498 401.3	FLOCK 4S 2	
47499 401.3	FLOCK 4S 40	
47500 401.3	FLOCK 4S 19	
47512 401.3	FLOCK 4S 38	
47514 401.3	FLOCK 4S 28	
47515 401.3	FLOCK 4S 5	
47516 401.3	FLOCK 4S 16	
47518 401.3	FLOCK 4S 6	
47520 401.3	FLOCK 4S 29	
47521 401.3	FLOCK 4S 15	
47522 401.3	FLOCK 4S 37	
47523 401.3	FLOCK 4S 10	
47527 401.3	FLOCK 4S 7	
47528 401.3	FLOCK 4S 14	
47530 401.3	FLOCK 4S 36	
47539 401.3	FLOCK 4S 24	
47540 401.3	FLOCK 4S 20	
47542 401.3	FLOCK 4S 25	
47543 401.3	FLOCK 4S 1	
47544 401.3	FLOCK 4S 30	
47545 401.3	FLOCK 4S 23	
47612 401.3	FLOCK 4S 42	
47617 401.3	FLOCK 4S 48	
47684 401.3	FLOCK 4S 46	
47685 401.3	FLOCK 4S 47	
47686 401.3	FLOCK 4S 44	
47687 401.3	FLOCK 4S 43	
47688 401.3	FLOCK 4S 45	
47698 401.3	FLOCK 4S 41
