59493.466254	 437383350.000	   7.132	9990
59493.466266	 437383350.000	   6.420	9990
59493.466277	 437383300.000	   7.342	9990
59493.466289	 437383300.000	   7.744	9990
59493.466312	 437383200.000	   5.964	9990
59493.466381	 437383050.000	   6.533	9990
59493.466393	 437383000.000	   5.732	9990
59493.466405	 437383000.000	   8.682	9990
59493.466416	 437382950.000	  15.270	9990
59493.466439	 437382900.000	  14.965	9990
59493.466451	 437382850.000	  12.020	9990
59493.466462	 437382850.000	  12.191	9990
59493.466474	 437382800.000	  13.808	9990
59493.466486	 437382750.000	   8.658	9990
59493.466497	 437382750.000	  18.323	9990
59493.466509	 437382700.000	  18.303	9990
59493.466520	 437382700.000	  10.467	9990
59493.466532	 437382650.000	   9.687	9990
59493.466543	 437382600.000	  15.180	9990
59493.466555	 437382600.000	  12.239	9990
59493.466567	 437382550.000	  15.682	9990
59493.466578	 437382550.000	   5.004	9990
59493.467585	 437378800.000	  13.375	9990
59493.467689	 437378350.000	   5.014	9990
59493.467724	 437378200.000	   6.563	9990
59493.467735	 437378150.000	   7.910	9990
59493.467770	 437378000.000	   6.553	9990
59493.467794	 437377900.000	   5.036	9990
59493.467817	 437377800.000	   9.362	9990
59493.467828	 437377750.000	  10.776	9990
59493.467840	 437377750.000	   6.821	9990
59493.467851	 437377650.000	   6.418	9990
59493.467863	 437377600.000	   9.510	9990
59493.467874	 437377550.000	   6.270	9990
59493.467886	 437377500.000	   6.398	9990
59493.467898	 437377450.000	  11.792	9990
59493.467909	 437377400.000	   6.850	9990
59493.467969	 437377150.000	   5.712	9990
59493.469020	 437372950.000	   5.453	9990
59493.469043	 437372850.000	   6.131	9990
59493.469055	 437372850.000	   7.296	9990
59493.469067	 437372800.000	   5.726	9990
59493.469078	 437372750.000	   8.455	9990
59493.469101	 437372700.000	   7.438	9990
59493.469148	 437372550.000	   5.536	9990
59493.469171	 437372500.000	  12.204	9990
59493.469182	 437372450.000	  15.638	9990
59493.469194	 437372400.000	  18.563	9990
59493.469205	 437372400.000	  10.658	9990
59493.469217	 437372350.000	  12.808	9990
59493.532714	 437386400.000	   6.038	9990
59493.532726	 437386400.000	   9.454	9990
59493.532737	 437386350.000	   5.852	9990
59493.532749	 437386350.000	  10.746	9990
59493.532760	 437386350.000	  14.715	9990
59493.532772	 437386350.000	   6.698	9990
59493.532876	 437386200.000	  11.354	9990
59493.532887	 437386200.000	   5.713	9990
59493.533073	 437385950.000	   6.083	9990
59493.533918	 437383050.000	   5.473	9990
59493.533929	 437383000.000	   6.704	9990
59493.533999	 437382550.000	   6.609	9990
59493.534010	 437382500.000	  14.692	9990
59493.534022	 437382450.000	  11.337	9990
59493.534033	 437382350.000	  12.451	9990
59493.534045	 437382300.000	  13.461	9990
59493.534056	 437382200.000	  17.492	9990
59493.534068	 437382100.000	  16.924	9990
59493.534079	 437382050.000	  20.205	9990
59493.534091	 437381950.000	  16.233	9990
59493.534103	 437381900.000	  20.245	9990
59493.534114	 437381800.000	  16.243	9990
59493.534126	 437381750.000	  16.452	9990
59493.534138	 437381650.000	  17.306	9990
59493.534149	 437381550.000	  12.079	9990
59493.534161	 437381500.000	   7.841	9990
59493.534276	 437380600.000	   6.403	9990
59493.534288	 437380500.000	   5.301	9990
59493.534311	 437380350.000	   8.139	9990
59493.534323	 437380200.000	  12.500	9990
59493.534334	 437380150.000	  10.397	9990
59493.534346	 437380000.000	  11.632	9990
59493.534357	 437379900.000	  11.996	9990
59493.534369	 437379800.000	  13.919	9990
59493.534380	 437379650.000	  14.930	9990
59493.534392	 437379600.000	  14.542	9990
59493.534404	 437379450.000	   8.746	9990
59493.534415	 437379350.000	  13.668	9990
59493.534427	 437379250.000	  13.693	9990
59493.534438	 437379200.000	   9.234	9990
59493.535202	 437372450.000	  15.589	9990
59493.535214	 437372350.000	  17.300	9990
59493.535225	 437372300.000	  30.285	9990
59493.535237	 437372250.000	  13.882	9990
59493.535248	 437372150.000	  21.215	9990
59493.535260	 437372100.000	  15.571	9990
59493.535272	 437372000.000	  24.328	9990
59493.535283	 437371950.000	  27.160	9990
59493.535295	 437371900.000	  21.755	9990
59493.535306	 437371800.000	  20.674	9990
59493.535318	 437371750.000	  19.336	9990
59493.535330	 437371650.000	  18.628	9990
59493.535341	 437371600.000	  23.611	9990
59493.535353	 437371550.000	  25.907	9990
59493.535364	 437371500.000	  15.593	9990
59493.535376	 437371400.000	  22.486	9990
59493.535387	 437371350.000	  30.106	9990
59493.535399	 437371300.000	  36.214	9990
59493.535411	 437371250.000	  28.954	9990
59493.535422	 437371200.000	  23.323	9990
59493.535434	 437371150.000	  17.864	9990
59493.535445	 437371050.000	  14.341	9990
59493.535457	 437371000.000	  15.404	9990
59493.535468	 437371000.000	  14.740	9990
59493.535480	 437370950.000	  13.128	9990
59493.535492	 437370850.000	  21.105	9990
59493.535503	 437370800.000	  23.886	9990
59493.535515	 437370750.000	  21.163	9990
59493.535526	 437370700.000	  28.507	9990
59493.535538	 437370650.000	  31.890	9990
59493.535550	 437370600.000	  32.165	9990
59493.535561	 437370550.000	  31.733	9990
59493.535572	 437370500.000	  24.677	9990
59493.535700	 437370000.000	   9.094	9990
59493.535712	 437369950.000	   8.951	9990
59493.535723	 437369950.000	   6.664	9990
59493.535746	 437369850.000	  10.630	9990
59493.535758	 437369800.000	   7.927	9990
59493.535781	 437369750.000	   6.558	9990
59493.535792	 437369700.000	  11.167	9990
59493.535804	 437369650.000	  18.948	9990
59493.535816	 437369600.000	  10.453	9990
59493.536603	 437368250.000	   7.393	9990
59493.536637	 437368250.000	   7.767	9990
59493.536649	 437368250.000	   8.376	9990
59493.536661	 437368200.000	  15.459	9990
59493.536672	 437368200.000	  16.158	9990
59493.536684	 437368200.000	  16.053	9990
59493.536695	 437368200.000	   7.285	9990
59493.536707	 437368150.000	  10.824	9990
59493.536718	 437368150.000	   7.687	9990
59493.536765	 437368100.000	   6.612	9990
59493.536776	 437368100.000	   7.295	9990
59493.536788	 437368100.000	  13.607	9990
59493.536799	 437368100.000	  19.878	9990
59493.536811	 437368100.000	  21.167	9990
59493.536823	 437368050.000	  10.931	9990
59493.536834	 437368050.000	  13.100	9990
59493.536846	 437368050.000	  23.411	9990
59493.536973	 437367900.000	  10.540	9990
59493.536985	 437367900.000	   6.539	9990
59493.600195	 437386700.000	   6.529	9990
59493.600299	 437386600.000	   5.187	9990
59493.600311	 437386550.000	  14.153	9990
59493.600322	 437386550.000	  13.089	9990
59493.600334	 437386500.000	  19.912	9990
59493.600346	 437386500.000	  25.856	9990
59493.600357	 437386450.000	  16.267	9990
59493.600369	 437386450.000	  34.593	9990
59493.600380	 437386450.000	  21.586	9990
59493.600392	 437386400.000	  28.204	9990
59493.600404	 437386400.000	  38.732	9990
59493.600415	 437386350.000	  14.634	9990
59493.600426	 437386350.000	  38.155	9990
59493.600438	 437386350.000	  17.068	9990
59493.600450	 437386300.000	  44.746	9990
59493.600461	 437386300.000	  22.958	9990
59493.600473	 437386250.000	  28.458	9990
59493.600485	 437386250.000	  26.568	9990
59493.600496	 437386200.000	  20.220	9990
59493.600508	 437386150.000	   8.419	9990
59493.600519	 437386150.000	  10.151	9990
59493.600531	 437386100.000	   6.473	9990
59493.600542	 437386100.000	   6.365	9990
59493.600554	 437386050.000	   6.550	9990
59493.601214	 437383350.000	   5.479	9990
59493.601503	 437379650.000	  23.313	9990
59493.601515	 437379500.000	  13.716	9990
59493.601526	 437379350.000	  10.956	9990
59493.601538	 437379150.000	  11.568	9990
59493.601549	 437379050.000	  12.139	9990
59493.601561	 437378900.000	  12.812	9990
59493.601572	 437378700.000	  12.215	9990
59493.601584	 437378600.000	  11.583	9990
59493.601596	 437378450.000	  23.668	9990
59493.601607	 437378200.000	  15.227	9990
59493.601619	 437378100.000	  11.926	9990
59493.601630	 437377850.000	  13.019	9990
59493.601642	 437377700.000	  12.385	9990
59493.601653	 437377550.000	  16.213	9990
59493.601665	 437377450.000	  10.953	9990
59493.601677	 437377250.000	  16.530	9990
59493.601688	 437377100.000	  11.402	9990
59493.601700	 437376900.000	  13.059	9990
59493.601711	 437376800.000	  13.040	9990
59493.601723	 437376550.000	  13.364	9990
59493.601735	 437376400.000	  14.244	9990
59493.601746	 437376300.000	  12.682	9990
59493.601758	 437376050.000	  10.294	9990
59493.601769	 437376000.000	  11.208	9990
59493.601781	 437375800.000	  14.617	9990
59493.601792	 437375650.000	  13.224	9990
59493.601804	 437375500.000	  14.362	9990
59493.601815	 437375350.000	  13.988	9990
59493.601827	 437375150.000	  11.619	9990
59493.601839	 437375000.000	  14.542	9990
59493.601850	 437374850.000	  14.337	9990
59493.601862	 437374650.000	  12.571	9990
59493.601873	 437374550.000	   9.910	9990
59493.601885	 437374350.000	  11.612	9990
59493.601897	 437374200.000	  15.381	9990
59493.601908	 437374100.000	  14.441	9990
59493.602834	 437368550.000	  23.960	9990
59493.602845	 437368550.000	  12.285	9990
59493.602904	 437368400.000	  10.932	9990
59493.602915	 437368400.000	  20.293	9990
59493.602938	 437368350.000	  34.669	9990
59493.602950	 437368350.000	  26.323	9990
59493.602961	 437368300.000	  21.628	9990
59493.602973	 437368300.000	  41.394	9990
59493.602984	 437368300.000	  17.501	9990
59493.602996	 437368250.000	  22.257	9990
59493.603008	 437368250.000	  43.890	9990
59493.603019	 437368250.000	  17.704	9990
59493.603031	 437368200.000	  25.250	9990
59493.603042	 437368200.000	  33.056	9990
59493.603054	 437368200.000	  14.912	9990
59493.603065	 437368150.000	  11.778	9990
59493.603112	 437368100.000	  13.392	9990
59493.603123	 437368100.000	  21.094	9990
59493.603135	 437368100.000	  12.825	9990
59493.603146	 437368050.000	  23.580	9990
59493.603158	 437368050.000	  25.669	9990
59493.603170	 437368050.000	  13.252	9990
59493.603181	 437368000.000	  12.592	9990
59493.603193	 437367900.000	  11.234	9990
59493.603204	 437367850.000	  11.981	9990
59493.603216	 437367850.000	  15.939	9990
59493.603228	 437367850.000	   9.949	9990
59493.604153	 437367450.000	  19.716	9990
59493.604165	 437367450.000	  31.733	9990
59493.604177	 437367450.000	  35.611	9990
59493.604188	 437367450.000	  29.840	9990
59493.604200	 437367450.000	  22.163	9990
59493.604211	 437367450.000	  12.469	9990
59493.604223	 437367450.000	  17.360	9990
59493.604234	 437367450.000	  14.324	9990
59493.604246	 437367450.000	  11.103	9990
59493.604269	 437367450.000	   9.358	9990
59493.604281	 437367400.000	  11.112	9990
59493.604292	 437367400.000	  13.328	9990
59493.604304	 437367400.000	  17.020	9990
59493.604315	 437367400.000	  15.654	9990
59493.604327	 437367400.000	  23.039	9990
59493.604338	 437367400.000	  23.051	9990
59493.604350	 437367400.000	  30.838	9990
59493.604362	 437367400.000	  32.884	9990
59493.604373	 437367400.000	  35.192	9990
59493.604385	 437367400.000	  35.932	9990
59493.604397	 437367400.000	  31.632	9990
59493.604408	 437367400.000	  32.493	9990
59493.604420	 437367400.000	  32.515	9990
59493.604431	 437367400.000	  29.087	9990
59493.604443	 437367400.000	  29.312	9990
59493.604454	 437367400.000	  22.549	9990
59493.604466	 437367400.000	  16.105	9990
59493.604477	 437367400.000	  12.516	9990
